4721366 Без-вступительных-испытаний 1 10 0 
4423591 Без-вступительных-испытаний 1 10 0 
4253473 Без-вступительных-испытаний 1 10 0 
4310269 Без-вступительных-испытаний 1 7 0 
4416040 Без-вступительных-испытаний 1 7 0 
4190639 Без-вступительных-испытаний 1 7 0 
4256718 Без-вступительных-испытаний 1 3 0 
3929128 Без-вступительных-испытаний 1 10 0 
4254506 Без-вступительных-испытаний 1 10 0 
4801519 Без-вступительных-испытаний 1 9 0 
4298786 Без-вступительных-испытаний 1 7 0 
4202984 Без-вступительных-испытаний 1 10 0 
3834280 Без-вступительных-испытаний 1 10 0 
3800660 Без-вступительных-испытаний 1 10 0 
4471617 Без-вступительных-испытаний 2 10 0 
4622804 Без-вступительных-испытаний 1 10 0 
4438703 Без-вступительных-испытаний 1 7 0 
3938060 Без-вступительных-испытаний 1 7 0 
4362541 Без-вступительных-испытаний 1 7 0 
3834281 Без-вступительных-испытаний 1 4 0 
4425821 Без-вступительных-испытаний 1 2 0 
3818323 Без-вступительных-испытаний 1 0 0 
4055758 Без-вступительных-испытаний 1 0 0 
4514876 Без-вступительных-испытаний 1 0 0 
4041731 Без-вступительных-испытаний 1 0 0 
4050099 Без-вступительных-испытаний 1 0 0 
4086157 Без-вступительных-испытаний 1 10 0 
4628818 Без-вступительных-испытаний 1 8 0 
4295816 Без-вступительных-испытаний 1 7 0 
4491671 Без-вступительных-испытаний 1 0 0 
4068857 Без-вступительных-испытаний 1 10 0 
4327786 Без-вступительных-испытаний 1 10 0 
4241706 Без-вступительных-испытаний 1 10 0 
3988100 Без-вступительных-испытаний 1 10 0 
4222553 Без-вступительных-испытаний 1 10 0 
4254568 Без-вступительных-испытаний 1 10 0 
4231144 Без-вступительных-испытаний 1 10 0 
4016105 Без-вступительных-испытаний 1 10 0 
4133244 Без-вступительных-испытаний 1 10 0 
4218364 Без-вступительных-испытаний 1 10 0 
3920925 Без-вступительных-испытаний 1 9 0 
4338593 Без-вступительных-испытаний 1 8 0 
4837696 Без-вступительных-испытаний 1 7 0 
3586754 Без-вступительных-испытаний 1 7 0 
3893921 Без-вступительных-испытаний 1 7 0 
4605331 Без-вступительных-испытаний 1 5 0 
4387355 Без-вступительных-испытаний 1 5 0 
4052771 Без-вступительных-испытаний 1 4 0 
4205804 Без-вступительных-испытаний 1 3 0 
4327452 Без-вступительных-испытаний 1 3 0 
4375911 Без-вступительных-испытаний 1 3 0 
4082357 Без-вступительных-испытаний 1 3 0 
4694423 Без-вступительных-испытаний 1 3 0 
3938061 Без-вступительных-испытаний 1 3 0 
4147528 Без-вступительных-испытаний 1 2 0 
4062732 Без-вступительных-испытаний 1 2 0 
3753692 Без-вступительных-испытаний 1 0 0 
3770362 Без-вступительных-испытаний 1 0 0 
4805049 Без-вступительных-испытаний 1 0 0 
4327451 Без-вступительных-испытаний 1 0 0 
4307670 Без-вступительных-испытаний 1 0 0 
4084979 Особая-квота 2 10 288 
4027292 Особая-квота 8 10 274 
3865496 Особая-квота 4 3 273 
4697353 Особая-квота 2 0 268 
4673105 Особая-квота 3 0 265 
3750910 Особая-квота 4 3 262 
3988839 Особая-квота 6 5 261 
4198104 Особая-квота 1 7 260 
3867580 Особая-квота 3 10 259 
3823662 Особая-квота 6 3 255 
4011766 Особая-квота 2 7 254 
3945996 Особая-квота 3 2 254 
3903285 Особая-квота 2 0 252 
4689499 Особая-квота 2 0 251 
4343564 Особая-квота 1 2 247 
4643786 Особая-квота 2 0 246 
4256441 Особая-квота 2 0 244 
4014412 Особая-квота 2 0 244 
3869690 Особая-квота 3 0 240 
4242744 Особая-квота 8 0 240 
4746791 Особая-квота 2 3 238 
4712023 Особая-квота 3 0 234 
3761922 Особая-квота 3 0 224 
4670067 Особая-квота 3 0 222 
3578500 Особая-квота 5 3 218 
4066768 Особая-квота 8 0 217 
3775529 Особая-квота 1 0 217 
4368472 Особая-квота 1 0 215 
4501202 Особая-квота 5 0 195 
4715730 Особая-квота 4 10 10 
4677688 Особая-квота 4 3 3 
4383436 Отдельная-квота 2 301 10 
3749012 Отдельная-квота 1 301 5 
3838434 Отдельная-квота 5 301 3 
3990051 Отдельная-квота 2 301 3 
3966314 Отдельная-квота 1 301 3 
4226214 Отдельная-квота 3 301 3 
3987012 Отдельная-квота 4 301 3 
3918726 Отдельная-квота 4 301 0 
3837873 Отдельная-квота 6 301 0 
4178349 Отдельная-квота 1 301 0 
3761330 Отдельная-квота 6 301 0 
4131322 Отдельная-квота 6 301 0 
4373310 Отдельная-квота 1 301 0 
3916098 Отдельная-квота 4 10 301 
4228783 Отдельная-квота 4 10 284 
4338289 Отдельная-квота 2 3 282 
3901771 Отдельная-квота 4 3 280 
4611583 Отдельная-квота 1 3 279 
4030107 Отдельная-квота 6 3 279 
4274003 Отдельная-квота 8 3 272 
3900175 Отдельная-квота 6 5 270 
3938793 Отдельная-квота 6 3 269 
4634622 Отдельная-квота 5 3 268 
3847271 Отдельная-квота 4 7 268 
4428507 Отдельная-квота 6 9 266 
4474291 Отдельная-квота 8 2 265 
4227466 Отдельная-квота 3 3 263 
3834307 Отдельная-квота 2 5 262 
4108515 Отдельная-квота 2 0 260 
4281447 Отдельная-квота 3 5 260 
4283393 Отдельная-квота 7 2 257 
3844575 Отдельная-квота 3 2 256 
3615785 Отдельная-квота 6 0 256 
4133648 Отдельная-квота 6 3 251 
3761427 Отдельная-квота 3 3 248 
4816550 Отдельная-квота 3 0 248 
4008649 Отдельная-квота 8 7 248 
4270557 Отдельная-квота 8 0 248 
4724025 Отдельная-квота 10 0 246 
4057809 Отдельная-квота 2 5 245 
4756295 Отдельная-квота 4 5 245 
3961866 Отдельная-квота 2 4 244 
3673135 Отдельная-квота 2 3 243 
3743648 Отдельная-квота 4 0 238 
4550696 Отдельная-квота 4 3 237 
4172071 Отдельная-квота 2 0 236 
3727232 Отдельная-квота 2 0 234 
3764093 Отдельная-квота 6 2 232 
4117184 Отдельная-квота 5 2 232 
3823586 Отдельная-квота 5 3 230 
4079950 Отдельная-квота 2 0 230 
3892997 Отдельная-квота 5 0 228 
4217299 Отдельная-квота 2 3 226 
4579173 Отдельная-квота 10 0 223 
3867967 Отдельная-квота 4 0 223 
4180477 Отдельная-квота 4 0 222 
4552463 Отдельная-квота 10 2 220 
3904406 Отдельная-квота 1 3 217 
3854064 Отдельная-квота 3 0 217 
4262538 Отдельная-квота 3 0 216 
3919334 Отдельная-квота 2 3 211 
4416526 Отдельная-квота 4 5 196 
4081046 Отдельная-квота 3 4 167 
4544979 Отдельная-квота 1 0 163 
3970627 Отдельная-квота 4 0 149 
4006707 Отдельная-квота 2 0 139 
3686965 Отдельная-квота 3 2 132 
4648956 Отдельная-квота 1 0 114 
4659251 Отдельная-квота 3 0 73 
4543877 Отдельная-квота 1 0 72 
3863060 Отдельная-квота 5 0 66 
4349984 Отдельная-квота 3 0 63 
4574685 Отдельная-квота 2 0 0 
4274517 Общий-конкурс 4 10 310 
4500427 Общий-конкурс 2 10 310 
3888825 Общий-конкурс 3 10 308 
4504998 Общий-конкурс 4 9 307 
4106144 Общий-конкурс 3 6 306 
4554711 Общий-конкурс 3 10 306 
4251617 Общий-конкурс 4 10 304 
4803198 Общий-конкурс 5 10 302 
4145748 Общий-конкурс 4 10 302 
3916098 Общий-конкурс 3 10 301 
4260011 Общий-конкурс 1 3 301 
4321468 Общий-конкурс 2 10 301 
4807836 Общий-конкурс 5 5 300 
3967315 Общий-конкурс 4 7 300 
4231063 Общий-конкурс 1 9 300 
4709100 Общий-конкурс 4 10 299 
4670633 Общий-конкурс 3 10 299 
3785501 Общий-конкурс 2 3 299 
3981409 Общий-конкурс 4 9 298 
4258031 Общий-конкурс 2 9 298 
3956202 Общий-конкурс 2 8 298 
4095691 Общий-конкурс 2 3 297 
4022677 Общий-конкурс 3 10 297 
4094099 Общий-конкурс 4 10 297 
4035310 Общий-конкурс 3 5 297 
3992710 Общий-конкурс 4 10 296 
4392351 Общий-конкурс 5 10 296 
4693415 Общий-конкурс 3 7 296 
4366146 Общий-конкурс 3 10 296 
4654691 Общий-конкурс 2 10 296 
4222688 Общий-конкурс 3 10 296 
4574723 Общий-конкурс 2 5 296 
4487451 Общий-конкурс 6 10 295 
3938568 Общий-конкурс 3 3 294 
4013942 Общий-конкурс 1 5 294 
4085784 Общий-конкурс 2 10 294 
3730643 Общий-конкурс 2 7 293 
3946514 Общий-конкурс 2 10 293 
3744115 Общий-конкурс 5 10 293 
3958596 Общий-конкурс 2 10 293 
4800589 Общий-конкурс 3 5 293 
4707322 Общий-конкурс 3 10 293 
4580091 Общий-конкурс 4 10 293 
4259199 Общий-конкурс 4 5 292 
4563573 Общий-конкурс 1 5 292 
4314624 Общий-конкурс 2 10 292 
4311356 Общий-конкурс 2 2 292 
4079965 Общий-конкурс 2 5 292 
4025640 Общий-конкурс 4 3 292 
4446270 Общий-конкурс 1 3 292 
4654159 Общий-конкурс 3 5 292 
4350358 Общий-конкурс 4 10 292 
3865934 Общий-конкурс 4 10 291 
3839135 Общий-конкурс 2 10 291 
3952035 Общий-конкурс 4 5 291 
4107055 Общий-конкурс 5 10 291 
3839855 Общий-конкурс 2 9 290 
3843941 Общий-конкурс 3 3 290 
4301862 Общий-конкурс 2 10 289 
4073520 Общий-конкурс 2 3 289 
3633586 Общий-конкурс 1 10 289 
3754042 Общий-конкурс 4 3 289 
3925537 Общий-конкурс 2 3 289 
4458003 Общий-конкурс 2 10 289 
3833049 Общий-конкурс 3 10 289 
4248325 Общий-конкурс 1 3 289 
4634431 Общий-конкурс 2 3 288 
4478652 Общий-конкурс 3 3 287 
4827079 Общий-конкурс 1 3 287 
3862295 Общий-конкурс 2 5 287 
3583274 Общий-конкурс 2 3 287 
3899115 Общий-конкурс 2 8 286 
4133319 Общий-конкурс 2 0 286 
4076432 Общий-конкурс 3 7 286 
4039386 Общий-конкурс 1 10 286 
4552334 Общий-конкурс 3 0 286 
4671543 Общий-конкурс 2 3 286 
3957136 Общий-конкурс 2 10 286 
4548415 Общий-конкурс 4 3 286 
3793098 Общий-конкурс 5 3 286 
4307669 Общий-конкурс 3 5 286 
4228637 Общий-конкурс 4 5 286 
4162340 Общий-конкурс 3 0 286 
4225978 Общий-конкурс 2 3 286 
4655548 Общий-конкурс 2 10 286 
4703442 Общий-конкурс 2 10 285 
4603939 Общий-конкурс 2 7 285 
3896507 Общий-конкурс 3 6 285 
3804499 Общий-конкурс 3 9 285 
4357938 Общий-конкурс 5 10 285 
3841051 Общий-конкурс 3 5 284 
4857387 Общий-конкурс 4 3 284 
4429473 Общий-конкурс 3 3 284 
4013774 Общий-конкурс 3 0 284 
4722208 Общий-конкурс 2 7 284 
4320037 Общий-конкурс 3 10 284 
3843827 Общий-конкурс 2 5 283 
4114926 Общий-конкурс 1 0 283 
4741440 Общий-конкурс 2 3 283 
4229550 Общий-конкурс 3 10 283 
4067957 Общий-конкурс 2 2 283 
4400936 Общий-конкурс 2 7 283 
4030911 Общий-конкурс 2 5 283 
4013632 Общий-конкурс 2 6 282 
4109120 Общий-конкурс 2 9 282 
4259346 Общий-конкурс 3 10 282 
4663802 Общий-конкурс 3 3 282 
3812422 Общий-конкурс 3 10 282 
4418124 Общий-конкурс 4 3 282 
4668874 Общий-конкурс 4 10 282 
4086050 Общий-конкурс 2 2 282 
4566883 Общий-конкурс 5 10 281 
4307567 Общий-конкурс 2 10 281 
3827646 Общий-конкурс 4 10 281 
4322453 Общий-конкурс 3 3 281 
4562271 Общий-конкурс 2 3 281 
4107892 Общий-конкурс 4 5 281 
4403326 Общий-конкурс 1 3 281 
4106184 Общий-конкурс 5 0 281 
4456944 Общий-конкурс 3 3 281 
3929480 Общий-конкурс 5 10 281 
4022767 Общий-конкурс 2 3 281 
3762066 Общий-конкурс 3 3 281 
4029224 Общий-конкурс 2 10 280 
4238916 Общий-конкурс 1 5 280 
3863139 Общий-конкурс 2 5 280 
4808591 Общий-конкурс 2 0 280 
4652517 Общий-конкурс 4 3 279 
4037943 Общий-конкурс 5 10 279 
4071268 Общий-конкурс 5 10 279 
3848352 Общий-конкурс 3 0 279 
4689836 Общий-конкурс 1 3 279 
3956421 Общий-конкурс 2 5 279 
4403081 Общий-конкурс 1 3 279 
4030107 Общий-конкурс 5 3 279 
4573114 Общий-конкурс 4 5 279 
3963845 Общий-конкурс 3 10 279 
3927612 Общий-конкурс 2 3 279 
3908803 Общий-конкурс 2 3 279 
3892993 Общий-конкурс 3 0 279 
3785493 Общий-конкурс 2 3 279 
4469774 Общий-конкурс 1 10 279 
3956422 Общий-конкурс 2 0 278 
4442913 Общий-конкурс 3 0 278 
4008928 Общий-конкурс 2 7 278 
4228567 Общий-конкурс 2 7 278 
4383015 Общий-конкурс 4 5 278 
4765407 Общий-конкурс 3 3 278 
4173775 Общий-конкурс 1 10 278 
4226243 Общий-конкурс 4 9 277 
4213456 Общий-конкурс 3 3 277 
3723798 Общий-конкурс 3 3 277 
3873793 Общий-конкурс 2 3 277 
3955348 Общий-конкурс 1 5 277 
3863347 Общий-конкурс 3 5 277 
4341349 Общий-конкурс 3 3 277 
3863971 Общий-конкурс 2 5 277 
4596704 Общий-конкурс 2 7 276 
3843319 Общий-конкурс 3 9 276 
3741794 Общий-конкурс 2 5 276 
3879402 Общий-конкурс 1 3 276 
4278088 Общий-конкурс 2 2 276 
3615542 Общий-конкурс 3 2 276 
4221392 Общий-конкурс 2 9 276 
3826384 Общий-конкурс 4 3 275 
4272364 Общий-конкурс 2 5 275 
3878052 Общий-конкурс 5 7 275 
3896814 Общий-конкурс 2 0 275 
3845200 Общий-конкурс 3 2 275 
4557822 Общий-конкурс 2 3 275 
4531306 Общий-конкурс 3 5 275 
4403366 Общий-конкурс 2 2 275 
3889222 Общий-конкурс 5 4 275 
4253761 Общий-конкурс 1 5 275 
3812001 Общий-конкурс 2 2 275 
4322209 Общий-конкурс 3 7 275 
4121864 Общий-конкурс 5 4 275 
4418127 Общий-конкурс 2 6 275 
4406686 Общий-конкурс 2 10 275 
4324780 Общий-конкурс 2 10 274 
3960065 Общий-конкурс 2 5 274 
4240821 Общий-конкурс 2 5 274 
4156342 Общий-конкурс 2 3 274 
4616139 Общий-конкурс 2 7 274 
4193221 Общий-конкурс 1 3 274 
4004739 Общий-конкурс 5 3 274 
4035693 Общий-конкурс 2 0 274 
4259105 Общий-конкурс 4 5 274 
4027292 Общий-конкурс 7 10 274 
3769322 Общий-конкурс 4 5 274 
3955208 Общий-конкурс 3 5 274 
3781323 Общий-конкурс 1 0 274 
3903408 Общий-конкурс 4 10 274 
4603959 Общий-конкурс 3 3 274 
4096732 Общий-конкурс 5 5 274 
4059327 Общий-конкурс 2 10 273 
4225712 Общий-конкурс 2 3 273 
4556903 Общий-конкурс 3 10 273 
3809096 Общий-конкурс 4 2 273 
3782856 Общий-конкурс 2 3 273 
4652775 Общий-конкурс 2 5 273 
4457880 Общий-конкурс 4 2 273 
4717520 Общий-конкурс 4 6 272 
4330688 Общий-конкурс 2 7 272 
4138549 Общий-конкурс 2 9 272 
3653390 Общий-конкурс 1 3 272 
4640521 Общий-конкурс 2 3 272 
4165579 Общий-конкурс 2 3 272 
4274003 Общий-конкурс 7 3 272 
3993432 Общий-конкурс 3 3 272 
4401120 Общий-конкурс 4 5 272 
4781625 Общий-конкурс 3 0 272 
4227463 Общий-конкурс 2 0 271 
4182602 Общий-конкурс 2 10 271 
3818040 Общий-конкурс 1 2 271 
4217156 Общий-конкурс 3 3 271 
4807812 Общий-конкурс 4 0 271 
4013458 Общий-конкурс 1 0 271 
4235338 Общий-конкурс 4 10 271 
3856156 Общий-конкурс 1 7 271 
3969144 Общий-конкурс 2 4 271 
4063560 Общий-конкурс 2 9 271 
4016937 Общий-конкурс 5 3 271 
4014760 Общий-конкурс 3 3 271 
3623408 Общий-конкурс 1 6 271 
4247651 Общий-конкурс 3 7 270 
4319460 Общий-конкурс 3 3 270 
4187902 Общий-конкурс 3 3 270 
3900175 Общий-конкурс 5 5 270 
4025004 Общий-конкурс 4 2 270 
4150450 Общий-конкурс 2 0 270 
4370976 Общий-конкурс 2 3 270 
3823535 Общий-конкурс 5 5 270 
4173452 Общий-конкурс 1 0 270 
4174247 Общий-конкурс 2 3 270 
3907021 Общий-конкурс 2 5 270 
3582060 Общий-конкурс 5 3 269 
3929023 Общий-конкурс 5 10 269 
4257532 Общий-конкурс 1 3 269 
3938793 Общий-конкурс 5 3 269 
3987590 Общий-конкурс 2 3 269 
4544064 Общий-конкурс 5 3 269 
4042322 Общий-конкурс 4 3 269 
3857815 Общий-конкурс 1 3 269 
4161776 Общий-конкурс 3 3 269 
4504378 Общий-конкурс 2 7 268 
3891275 Общий-конкурс 1 3 268 
4368647 Общий-конкурс 5 0 268 
4766018 Общий-конкурс 2 0 268 
4840754 Общий-конкурс 5 0 268 
4697353 Общий-конкурс 1 0 268 
4683813 Общий-конкурс 4 0 268 
4858903 Общий-конкурс 4 0 268 
4076807 Общий-конкурс 2 10 268 
4020597 Общий-конкурс 4 3 268 
3877063 Общий-конкурс 2 3 268 
4105846 Общий-конкурс 5 3 268 
3982177 Общий-конкурс 5 0 268 
4347080 Общий-конкурс 2 5 268 
4325353 Общий-конкурс 3 5 267 
3846947 Общий-конкурс 3 6 267 
4133660 Общий-конкурс 2 8 267 
4413872 Общий-конкурс 3 3 267 
3700601 Общий-конкурс 3 7 267 
4025031 Общий-конкурс 1 0 267 
3789618 Общий-конкурс 2 3 267 
4280992 Общий-конкурс 4 3 267 
3991283 Общий-конкурс 2 0 267 
4402324 Общий-конкурс 2 3 267 
4276224 Общий-конкурс 4 10 267 
3925211 Общий-конкурс 1 10 266 
4030532 Общий-конкурс 2 0 266 
3937686 Общий-конкурс 1 3 266 
4521372 Общий-конкурс 4 9 266 
4202290 Общий-конкурс 2 7 266 
4428507 Общий-конкурс 5 9 266 
4231127 Общий-конкурс 2 3 266 
3619173 Общий-конкурс 4 10 266 
4147046 Общий-конкурс 2 5 266 
3963955 Общий-конкурс 4 3 266 
3865070 Общий-конкурс 2 5 266 
4221936 Общий-конкурс 2 3 266 
4279400 Общий-конкурс 1 5 266 
4487065 Общий-конкурс 3 2 266 
3864384 Общий-конкурс 4 5 266 
4853353 Общий-конкурс 1 2 265 
4106587 Общий-конкурс 4 0 265 
4474291 Общий-конкурс 7 2 265 
3950916 Общий-конкурс 3 2 265 
4401304 Общий-конкурс 2 0 265 
4673105 Общий-конкурс 2 0 265 
3752457 Общий-конкурс 4 10 265 
4086067 Общий-конкурс 2 2 265 
3887371 Общий-конкурс 4 3 265 
4368474 Общий-конкурс 3 5 264 
3946504 Общий-конкурс 3 0 264 
4630993 Общий-конкурс 2 3 264 
4707442 Общий-конкурс 1 5 264 
4660606 Общий-конкурс 5 0 264 
4401044 Общий-конкурс 4 3 264 
4389116 Общий-конкурс 3 5 264 
3591479 Общий-конкурс 2 5 264 
3929628 Общий-конкурс 4 3 264 
4888386 Общий-конкурс 2 0 264 
4100710 Общий-конкурс 5 3 264 
3862786 Общий-конкурс 4 3 264 
3747125 Общий-конкурс 1 5 264 
4243455 Общий-конкурс 2 0 263 
4338706 Общий-конкурс 5 0 263 
4229947 Общий-конкурс 2 10 263 
4596052 Общий-конкурс 2 3 263 
4452081 Общий-конкурс 2 3 263 
4250472 Общий-конкурс 2 0 263 
4759263 Общий-конкурс 2 2 263 
3830793 Общий-конкурс 5 3 263 
4863071 Общий-конкурс 4 10 263 
4056230 Общий-конкурс 3 0 263 
4034761 Общий-конкурс 5 10 262 
3962432 Общий-конкурс 4 0 262 
4190912 Общий-конкурс 5 3 262 
3728661 Общий-конкурс 2 3 262 
3750910 Общий-конкурс 3 3 262 
4098051 Общий-конкурс 3 5 262 
4280774 Общий-конкурс 3 3 261 
4595884 Общий-конкурс 2 10 261 
4227748 Общий-конкурс 1 3 261 
4551395 Общий-конкурс 3 0 261 
4525215 Общий-конкурс 2 4 261 
4032141 Общий-конкурс 1 5 261 
4113775 Общий-конкурс 3 3 261 
3865407 Общий-конкурс 2 3 261 
3988839 Общий-конкурс 5 5 261 
4050547 Общий-конкурс 1 5 260 
4264115 Общий-конкурс 2 0 260 
4497693 Общий-конкурс 5 5 260 
3779557 Общий-конкурс 3 10 260 
4770634 Общий-конкурс 2 0 260 
4258307 Общий-конкурс 2 5 260 
4103982 Общий-конкурс 1 7 260 
4585378 Общий-конкурс 5 3 260 
4222634 Общий-конкурс 4 3 260 
4442529 Общий-конкурс 1 3 260 
4664926 Общий-конкурс 4 0 260 
4685070 Общий-конкурс 1 0 260 
4583078 Общий-конкурс 2 10 260 
4273575 Общий-конкурс 2 3 259 
4471821 Общий-конкурс 2 2 259 
4278897 Общий-конкурс 4 0 259 
4115222 Общий-конкурс 2 0 259 
4806313 Общий-конкурс 3 0 259 
4509086 Общий-конкурс 3 0 259 
3848750 Общий-конкурс 4 4 259 
4597610 Общий-конкурс 5 5 259 
4616810 Общий-конкурс 4 9 258 
4871796 Общий-конкурс 5 0 258 
4388450 Общий-конкурс 3 0 258 
4637414 Общий-конкурс 2 0 258 
3994999 Общий-конкурс 3 3 258 
4091503 Общий-конкурс 1 0 258 
4786176 Общий-конкурс 2 3 258 
4185364 Общий-конкурс 3 3 258 
3848725 Общий-конкурс 1 0 258 
4582057 Общий-конкурс 4 2 258 
3878914 Общий-конкурс 4 7 258 
4441669 Общий-конкурс 4 7 257 
4488232 Общий-конкурс 1 0 257 
3859718 Общий-конкурс 1 0 257 
4200766 Общий-конкурс 2 0 257 
4283393 Общий-конкурс 8 2 257 
4502046 Общий-конкурс 2 3 257 
4070990 Общий-конкурс 3 3 257 
4644689 Общий-конкурс 3 7 257 
4530837 Общий-конкурс 3 3 257 
3831234 Общий-конкурс 4 8 257 
3949334 Общий-конкурс 1 3 257 
4023388 Общий-конкурс 4 9 256 
3948153 Общий-конкурс 2 2 256 
4347417 Общий-конкурс 2 3 256 
3927625 Общий-конкурс 2 0 256 
4488234 Общий-конкурс 4 0 256 
4109884 Общий-конкурс 2 5 256 
3835283 Общий-конкурс 3 3 256 
3932456 Общий-конкурс 2 3 256 
4802909 Общий-конкурс 4 0 256 
3615785 Общий-конкурс 5 0 256 
4348253 Общий-конкурс 1 7 256 
4598983 Общий-конкурс 5 3 255 
4551214 Общий-конкурс 5 5 255 
4026927 Общий-конкурс 5 0 255 
4322842 Общий-конкурс 4 3 255 
4149492 Общий-конкурс 4 3 255 
3823662 Общий-конкурс 5 3 255 
4548878 Общий-конкурс 2 3 254 
3713169 Общий-конкурс 3 0 254 
4280589 Общий-конкурс 2 3 254 
4019854 Общий-конкурс 1 5 254 
4139836 Общий-конкурс 2 0 254 
3940467 Общий-конкурс 3 3 254 
4064983 Общий-конкурс 1 0 254 
3662259 Общий-конкурс 2 0 254 
4592274 Общий-конкурс 5 0 254 
4653652 Общий-конкурс 4 3 254 
4250804 Общий-конкурс 2 5 254 
4190331 Общий-конкурс 3 5 254 
4519617 Общий-конкурс 1 2 254 
4251216 Общий-конкурс 2 6 253 
4393416 Общий-конкурс 2 0 253 
4600299 Общий-конкурс 2 5 253 
3791911 Общий-конкурс 3 7 253 
4547968 Общий-конкурс 3 10 253 
3762008 Общий-конкурс 4 0 253 
4809440 Общий-конкурс 1 7 253 
3868082 Общий-конкурс 4 3 253 
3895932 Общий-конкурс 1 10 252 
4441876 Общий-конкурс 2 0 252 
4406052 Общий-конкурс 2 5 252 
4136108 Общий-конкурс 2 0 252 
4320128 Общий-конкурс 1 3 252 
4003216 Общий-конкурс 2 2 252 
4727988 Общий-конкурс 2 5 252 
3977472 Общий-конкурс 5 5 252 
4448882 Общий-конкурс 2 10 251 
4378503 Общий-конкурс 2 4 251 
4419566 Общий-конкурс 3 0 251 
4133648 Общий-конкурс 5 3 251 
3818324 Общий-конкурс 3 0 251 
3987010 Общий-конкурс 3 3 251 
4637746 Общий-конкурс 3 10 251 
4630227 Общий-конкурс 3 0 251 
3940937 Общий-конкурс 4 0 251 
4333728 Общий-конкурс 3 5 251 
4820352 Общий-конкурс 1 2 250 
3732681 Общий-конкурс 1 0 250 
4772201 Общий-конкурс 2 3 250 
4453977 Общий-конкурс 3 0 250 
3926373 Общий-конкурс 2 2 250 
4404728 Общий-конкурс 4 2 250 
3587546 Общий-конкурс 5 0 250 
4093768 Общий-конкурс 2 4 249 
4222809 Общий-конкурс 2 10 249 
4829451 Общий-конкурс 3 10 249 
4554337 Общий-конкурс 2 0 249 
4798556 Общий-конкурс 2 3 249 
4653087 Общий-конкурс 3 5 249 
4601602 Общий-конкурс 1 7 249 
4623151 Общий-конкурс 3 5 249 
4193539 Общий-конкурс 3 2 249 
3840719 Общий-конкурс 1 2 249 
3855248 Общий-конкурс 4 3 249 
3846380 Общий-конкурс 2 8 249 
4105281 Общий-конкурс 3 3 249 
4226496 Общий-конкурс 2 0 249 
4534601 Общий-конкурс 2 0 249 
4286737 Общий-конкурс 2 3 248 
4125410 Общий-конкурс 4 0 248 
4666980 Общий-конкурс 5 2 248 
3761427 Общий-конкурс 4 3 248 
4164813 Общий-конкурс 2 0 248 
4518186 Общий-конкурс 2 7 248 
3787087 Общий-конкурс 3 8 248 
4008649 Общий-конкурс 7 7 248 
3873099 Общий-конкурс 2 0 248 
4599392 Общий-конкурс 5 0 248 
4646043 Общий-конкурс 2 5 248 
4098210 Общий-конкурс 2 0 248 
4576338 Общий-конкурс 2 5 248 
4270557 Общий-конкурс 7 0 248 
3837873 Общий-конкурс 5 0 248 
4747981 Общий-конкурс 5 3 248 
3873168 Общий-конкурс 3 0 247 
3728117 Общий-конкурс 2 0 247 
4521376 Общий-конкурс 2 0 247 
3868484 Общий-конкурс 1 0 247 
3864329 Общий-конкурс 4 3 247 
4035677 Общий-конкурс 2 0 247 
4203878 Общий-конкурс 4 3 247 
4668680 Общий-конкурс 2 2 247 
4597697 Общий-конкурс 3 0 247 
3587849 Общий-конкурс 2 0 247 
3841513 Общий-конкурс 4 0 247 
4226752 Общий-конкурс 3 0 247 
4257641 Общий-конкурс 2 5 247 
3586086 Общий-конкурс 2 3 247 
4147041 Общий-конкурс 3 2 247 
3684260 Общий-конкурс 2 4 247 
4004400 Общий-конкурс 5 2 247 
4036916 Общий-конкурс 2 5 247 
3751125 Общий-конкурс 1 4 247 
4626638 Общий-конкурс 1 6 246 
4587115 Общий-конкурс 4 9 246 
4671189 Общий-конкурс 5 0 246 
4571983 Общий-конкурс 1 3 246 
4724025 Общий-конкурс 9 0 246 
4265668 Общий-конкурс 2 2 246 
4643786 Общий-конкурс 3 0 246 
4098844 Общий-конкурс 4 0 246 
4119859 Общий-конкурс 1 0 246 
3764721 Общий-конкурс 1 3 245 
4017070 Общий-конкурс 2 0 245 
4057809 Общий-конкурс 1 5 245 
3701042 Общий-конкурс 2 2 245 
4756295 Общий-конкурс 3 5 245 
4852471 Общий-конкурс 4 3 245 
4368194 Общий-конкурс 2 7 245 
3690652 Общий-конкурс 2 2 245 
4053256 Общий-конкурс 3 3 245 
4025276 Общий-конкурс 1 3 245 
4541279 Общий-конкурс 2 0 244 
4283874 Общий-конкурс 2 6 244 
4471198 Общий-конкурс 3 0 244 
4256441 Общий-конкурс 1 0 244 
4838742 Общий-конкурс 2 0 244 
4014412 Общий-конкурс 1 0 244 
4082757 Общий-конкурс 4 2 243 
4539608 Общий-конкурс 2 0 243 
4229292 Общий-конкурс 2 0 243 
3943507 Общий-конкурс 2 3 243 
3673135 Общий-конкурс 1 3 243 
3951003 Общий-конкурс 5 5 243 
3734223 Общий-конкурс 1 6 243 
4322009 Общий-конкурс 3 0 242 
4203456 Общий-конкурс 3 0 242 
4279971 Общий-конкурс 1 0 242 
3760259 Общий-конкурс 2 0 242 
4801293 Общий-конкурс 2 0 242 
4538740 Общий-конкурс 1 3 242 
4161582 Общий-конкурс 1 3 242 
4226812 Общий-конкурс 2 3 242 
4434384 Общий-конкурс 1 2 242 
3956419 Общий-конкурс 5 3 242 
3952040 Общий-конкурс 2 3 242 
4274473 Общий-конкурс 2 3 242 
3843412 Общий-конкурс 2 0 242 
4506465 Общий-конкурс 2 0 241 
4765042 Общий-конкурс 5 3 241 
3776551 Общий-конкурс 2 0 241 
3950625 Общий-конкурс 3 3 241 
3774571 Общий-конкурс 5 0 241 
3719950 Общий-конкурс 4 5 241 
4434581 Общий-конкурс 3 3 241 
4304876 Общий-конкурс 2 0 241 
3583619 Общий-конкурс 4 3 241 
4492391 Общий-конкурс 2 3 241 
4757041 Общий-конкурс 1 0 240 
4298484 Общий-конкурс 2 0 240 
4032758 Общий-конкурс 2 0 240 
3956326 Общий-конкурс 2 3 240 
4242744 Общий-конкурс 7 0 240 
4057188 Общий-конкурс 4 3 240 
3725470 Общий-конкурс 1 0 240 
4764839 Общий-конкурс 3 0 240 
4249947 Общий-конкурс 3 3 240 
4398405 Общий-конкурс 2 3 240 
4263443 Общий-конкурс 2 2 240 
4670761 Общий-конкурс 2 3 240 
4807865 Общий-конкурс 1 5 240 
3818381 Общий-конкурс 4 0 239 
4499049 Общий-конкурс 2 2 239 
4739266 Общий-конкурс 3 2 239 
3902705 Общий-конкурс 2 3 239 
4437578 Общий-конкурс 3 0 239 
4594407 Общий-конкурс 3 5 239 
4283328 Общий-конкурс 3 5 239 
3946816 Общий-конкурс 3 3 239 
4231121 Общий-конкурс 2 7 238 
4646373 Общий-конкурс 1 3 238 
4255962 Общий-конкурс 3 3 238 
3743648 Общий-конкурс 3 0 238 
4661464 Общий-конкурс 1 0 238 
4319844 Общий-конкурс 1 3 238 
4577029 Общий-конкурс 2 0 238 
4395737 Общий-конкурс 3 0 238 
3644966 Общий-конкурс 3 2 238 
4032756 Общий-конкурс 4 2 237 
4080910 Общий-конкурс 4 2 237 
4548088 Общий-конкурс 2 3 237 
4101411 Общий-конкурс 4 0 237 
3653123 Общий-конкурс 3 0 237 
4059971 Общий-конкурс 2 3 237 
4070945 Общий-конкурс 2 0 237 
3839047 Общий-конкурс 3 3 237 
4803052 Общий-конкурс 4 0 237 
4550696 Общий-конкурс 3 3 237 
3745738 Общий-конкурс 1 0 237 
4808213 Общий-конкурс 5 3 237 
4661181 Общий-конкурс 2 0 236 
4092159 Общий-конкурс 5 0 236 
3823689 Общий-конкурс 4 3 236 
4679893 Общий-конкурс 2 0 236 
3944352 Общий-конкурс 1 3 236 
4172071 Общий-конкурс 1 0 236 
3872524 Общий-конкурс 4 3 236 
4375849 Общий-конкурс 3 0 236 
4616931 Общий-конкурс 2 3 235 
4604196 Общий-конкурс 1 3 235 
4154372 Общий-конкурс 1 0 235 
4857043 Общий-конкурс 2 0 235 
4104099 Общий-конкурс 2 0 235 
3694435 Общий-конкурс 2 0 235 
4215002 Общий-конкурс 1 0 234 
4245076 Общий-конкурс 2 0 234 
4576012 Общий-конкурс 2 5 234 
4712023 Общий-конкурс 4 0 234 
3749319 Общий-конкурс 3 0 234 
4423305 Общий-конкурс 4 3 234 
4208354 Общий-конкурс 4 3 234 
4578417 Общий-конкурс 3 2 234 
4225829 Общий-конкурс 3 3 234 
3760932 Общий-конкурс 5 0 234 
4221187 Общий-конкурс 2 3 234 
4476150 Общий-конкурс 1 0 234 
3839753 Общий-конкурс 3 5 234 
4587781 Общий-конкурс 2 0 233 
4068685 Общий-конкурс 3 0 233 
3918300 Общий-конкурс 4 0 233 
4248482 Общий-конкурс 3 3 233 
4024373 Общий-конкурс 4 0 233 
4672541 Общий-конкурс 1 0 233 
4580488 Общий-конкурс 2 3 233 
3870807 Общий-конкурс 1 0 233 
3940240 Общий-конкурс 1 3 233 
4000954 Общий-конкурс 5 5 232 
3764093 Общий-конкурс 5 2 232 
4609009 Общий-конкурс 1 0 232 
3630372 Общий-конкурс 3 3 232 
3846629 Общий-конкурс 3 0 232 
4328631 Общий-конкурс 3 3 232 
4031547 Общий-конкурс 2 5 232 
4101855 Общий-конкурс 2 3 232 
4636308 Общий-конкурс 1 3 231 
4753487 Общий-конкурс 4 2 231 
4313593 Общий-конкурс 2 0 231 
4598853 Общий-конкурс 2 2 231 
4252013 Общий-конкурс 3 0 231 
4133433 Общий-конкурс 2 5 231 
4283543 Общий-конкурс 1 0 231 
4588937 Общий-конкурс 1 2 231 
4281522 Общий-конкурс 2 0 231 
3913312 Общий-конкурс 4 2 231 
3730914 Общий-конкурс 4 2 231 
4353496 Общий-конкурс 4 5 231 
4780516 Общий-конкурс 1 6 231 
3859854 Общий-конкурс 1 0 230 
4826365 Общий-конкурс 3 3 230 
4409316 Общий-конкурс 3 0 230 
4398138 Общий-конкурс 4 0 230 
3823586 Общий-конкурс 6 3 230 
3623886 Общий-конкурс 4 0 230 
3740715 Общий-конкурс 2 0 230 
4168021 Общий-конкурс 2 3 230 
4479736 Общий-конкурс 4 7 230 
3633808 Общий-конкурс 3 3 230 
4393503 Общий-конкурс 1 0 230 
4593495 Общий-конкурс 3 3 230 
4072145 Общий-конкурс 4 0 230 
3641439 Общий-конкурс 1 0 229 
4017542 Общий-конкурс 1 0 229 
4482398 Общий-конкурс 3 0 229 
4329950 Общий-конкурс 4 0 229 
3876763 Общий-конкурс 3 10 229 
4727000 Общий-конкурс 3 0 229 
4297790 Общий-конкурс 1 0 228 
4331695 Общий-конкурс 4 3 228 
4416044 Общий-конкурс 1 0 228 
4590612 Общий-конкурс 3 3 228 
4557511 Общий-конкурс 5 0 228 
3923539 Общий-конкурс 1 5 228 
3728390 Общий-конкурс 2 0 228 
4097743 Общий-конкурс 2 3 228 
4569854 Общий-конкурс 3 3 228 
4267026 Общий-конкурс 1 5 227 
3782213 Общий-конкурс 1 0 227 
3734408 Общий-конкурс 3 0 227 
4685865 Общий-конкурс 1 2 227 
3703455 Общий-конкурс 2 0 227 
3951048 Общий-конкурс 1 0 227 
4548633 Общий-конкурс 1 0 227 
4855972 Общий-конкурс 2 0 227 
3992268 Общий-конкурс 5 0 226 
4131322 Общий-конкурс 5 0 226 
4217299 Общий-конкурс 1 3 226 
4277115 Общий-конкурс 5 0 226 
4217302 Общий-конкурс 2 2 226 
4164530 Общий-конкурс 1 0 226 
4611779 Общий-конкурс 2 0 226 
4853148 Общий-конкурс 2 4 226 
3946171 Общий-конкурс 1 0 226 
4278653 Общий-конкурс 2 0 225 
3790291 Общий-конкурс 3 3 225 
3804469 Общий-конкурс 3 0 225 
4211137 Общий-конкурс 4 0 225 
4551951 Общий-конкурс 4 2 225 
3850970 Общий-конкурс 4 2 225 
3994285 Общий-конкурс 1 0 225 
4272589 Общий-конкурс 5 0 225 
4338346 Общий-конкурс 1 3 225 
3988726 Общий-конкурс 3 5 225 
4766675 Общий-конкурс 1 5 225 
4738023 Общий-конкурс 4 3 224 
4501924 Общий-конкурс 1 3 224 
4280262 Общий-конкурс 2 0 224 
4294012 Общий-конкурс 2 2 224 
4564534 Общий-конкурс 2 2 224 
3914960 Общий-конкурс 2 0 224 
4416766 Общий-конкурс 3 3 224 
3987012 Общий-конкурс 3 3 224 
4368875 Общий-конкурс 4 0 224 
3811368 Общий-конкурс 2 0 224 
4497558 Общий-конкурс 4 5 224 
4579173 Общий-конкурс 9 0 223 
3910139 Общий-конкурс 1 3 223 
3945586 Общий-конкурс 1 0 223 
4538451 Общий-конкурс 1 0 223 
4623859 Общий-конкурс 2 5 223 
3944809 Общий-конкурс 2 0 223 
4614362 Общий-конкурс 3 3 222 
4107607 Общий-конкурс 2 3 222 
3886895 Общий-конкурс 3 2 222 
4869563 Общий-конкурс 3 2 222 
4180477 Общий-конкурс 3 0 222 
3716733 Общий-конкурс 2 0 222 
4322435 Общий-конкурс 1 0 222 
3740229 Общий-конкурс 4 3 221 
4747264 Общий-конкурс 3 3 221 
4337587 Общий-конкурс 2 3 221 
4270718 Общий-конкурс 2 0 221 
4037538 Общий-конкурс 1 2 221 
4533695 Общий-конкурс 2 0 221 
4341671 Общий-конкурс 1 5 221 
4763267 Общий-конкурс 1 0 220 
4738243 Общий-конкурс 4 3 220 
4629440 Общий-конкурс 4 2 220 
4321277 Общий-конкурс 2 3 220 
4552463 Общий-конкурс 9 2 220 
3956313 Общий-конкурс 2 0 219 
4574402 Общий-конкурс 3 2 219 
4159470 Общий-конкурс 1 2 219 
4703856 Общий-конкурс 3 0 219 
3750671 Общий-конкурс 5 0 219 
3578500 Общий-конкурс 6 3 218 
4633694 Общий-конкурс 1 2 218 
4199893 Общий-конкурс 4 2 218 
4798498 Общий-конкурс 5 0 218 
4066768 Общий-конкурс 7 0 217 
3874909 Общий-конкурс 2 3 217 
3975156 Общий-конкурс 1 0 217 
3821656 Общий-конкурс 1 2 216 
4579714 Общий-конкурс 4 2 216 
4583012 Общий-конкурс 4 0 216 
4729301 Общий-конкурс 4 0 216 
4074395 Общий-конкурс 3 3 214 
3609915 Общий-конкурс 2 0 214 
4611130 Общий-конкурс 1 0 214 
3703435 Общий-конкурс 1 0 214 
4682263 Общий-конкурс 3 0 214 
4219853 Общий-конкурс 1 0 214 
3790196 Общий-конкурс 3 0 214 
3625471 Общий-конкурс 1 0 213 
4770685 Общий-конкурс 1 3 213 
3985268 Общий-конкурс 2 0 213 
4859170 Общий-конкурс 2 2 213 
4578164 Общий-конкурс 2 2 213 
4554365 Общий-конкурс 3 5 212 
4273548 Общий-конкурс 2 0 212 
3863818 Общий-конкурс 1 0 212 
4050851 Общий-конкурс 4 0 212 
4596862 Общий-конкурс 2 2 211 
3973889 Общий-конкурс 2 0 211 
4132454 Общий-конкурс 2 3 211 
4700578 Общий-конкурс 1 0 211 
4577869 Общий-конкурс 1 0 211 
3758586 Общий-конкурс 3 0 211 
4271637 Общий-конкурс 1 2 210 
4528832 Общий-конкурс 3 3 210 
4799411 Общий-конкурс 5 0 210 
3897273 Общий-конкурс 1 0 210 
4807872 Общий-конкурс 2 0 210 
4203329 Общий-конкурс 3 0 209 
3899338 Общий-конкурс 1 0 209 
3904553 Общий-конкурс 4 3 209 
4328732 Общий-конкурс 4 3 209 
4324991 Общий-конкурс 1 0 208 
3832745 Общий-конкурс 5 2 208 
4253346 Общий-конкурс 2 5 207 
4784702 Общий-конкурс 4 0 207 
3808765 Общий-конкурс 4 3 206 
4424292 Общий-конкурс 3 2 206 
4391621 Общий-конкурс 5 2 206 
3742175 Общий-конкурс 5 0 206 
4033280 Общий-конкурс 1 0 206 
4601832 Общий-конкурс 2 3 205 
4330885 Общий-конкурс 3 0 205 
4559148 Общий-конкурс 2 0 205 
3878346 Общий-конкурс 3 0 205 
4674956 Общий-конкурс 3 0 205 
4472148 Общий-конкурс 5 0 203 
3619235 Общий-конкурс 1 5 202 
4582716 Общий-конкурс 2 0 201 
4345480 Общий-конкурс 3 0 201 
4591451 Общий-конкурс 1 0 200 
4050257 Общий-конкурс 1 10 199 
4605340 Общий-конкурс 3 2 199 
4065189 Общий-конкурс 2 0 198 
4104261 Общий-конкурс 4 0 197 
3886873 Общий-конкурс 1 0 197 
4097757 Общий-конкурс 2 10 196 
4416526 Общий-конкурс 3 5 196 
3862798 Общий-конкурс 3 0 194 
3824505 Общий-конкурс 1 3 191 
4447359 Общий-конкурс 5 7 188 
4050097 Общий-конкурс 1 3 186 
4438912 Общий-конкурс 2 0 186 
4332127 Общий-конкурс 3 0 184 
3647353 Общий-конкурс 2 7 183 
4266878 Общий-конкурс 2 10 182 
4344157 Общий-конкурс 1 0 180 
4124672 Общий-конкурс 4 0 178 
4065188 Общий-конкурс 5 0 175 
4104413 Общий-конкурс 1 6 175 
4619593 Общий-конкурс 2 0 174 
4806098 Общий-конкурс 2 8 172 
4307128 Общий-конкурс 2 0 170 
3974569 Общий-конкурс 4 7 165 
4137298 Общий-конкурс 5 0 164 
4546175 Общий-конкурс 3 0 164 
4821011 Общий-конкурс 1 0 161 
4268025 Общий-конкурс 5 3 160 
4373987 Общий-конкурс 2 0 149 
3970627 Общий-конкурс 3 0 149 
3655334 Общий-конкурс 2 0 145 
4565107 Общий-конкурс 2 0 132 
4119137 Общий-конкурс 1 3 124 
4342182 Общий-конкурс 2 0 120 
4688698 Общий-конкурс 2 0 110 
4631681 Общий-конкурс 2 6 106 
4719353 Общий-конкурс 3 0 106 
3761330 Общий-конкурс 5 0 105 
4662614 Общий-конкурс 3 4 104 
4389115 Общий-конкурс 3 0 100 
4453630 Общий-конкурс 4 0 100 
4716088 Общий-конкурс 5 0 88 
4457591 Общий-конкурс 1 0 76 
4716027 Общий-конкурс 4 0 60 
4695587 Общий-конкурс 4 0 48 
4715730 Общий-конкурс 3 10 10 
4165621 Общий-конкурс 2 5 5 
4677688 Общий-конкурс 3 3 3 
4136735 Общий-конкурс 3 3 3 
4622532 Общий-конкурс 2 0 0 
3663494 Общий-конкурс 5 0 0 
3617938 Общий-конкурс 1 0 0 
4661559 Общий-конкурс 4 0 0 
4574685 Общий-конкурс 1 0 0 
4352946 Общий-конкурс 2 0 0 
4406810 Общий-конкурс 2 0 0 
4406247 Общий-конкурс 6 0 0 
4585066 Общий-конкурс 2 0 0 
4502512 Общий-конкурс 1 0 0 
3673035 Общий-конкурс 3 0 0 
3909378 Общий-конкурс 4 0 0 
4573207 Общий-конкурс 2 0 0 
4148709 Общий-конкурс 5 0 0 
4646844 Общий-конкурс 1 0 0 
3645559 Общий-конкурс 1 0 0 
4226431 Общий-конкурс 1 0 0 
4003414 Общий-конкурс 2 0 0 
